id,tag_name,LOC,dayDifference, dayDifferenceHours,changeLOC
15999394,v2.2.0.M1,1909,21 days,4:53:57,-12
15583187,v2.1.3.RELEASE,1921,34 days,7:51:13,8
14938994,v2.1.2.RELEASE,1913,7:55:45,-17
14935031,v2.0.8.RELEASE,1930,2:18:53,0
14931349,v1.5.19.RELEASE,1930,42 days,7:43:48,47
14277090,v2.1.1.RELEASE,1883,6:16:17,0
14273281,v2.0.7.RELEASE,1883,16:06:16,379
14253745,v1.5.18.RELEASE,1504,30 days,0:51:55,-250
13728625,v2.1.0.RELEASE,1754,12 days,19:07:03,0
13484075,v2.1.0.RC1,1754,1 day,0:01:19,0
13458861,v2.0.6.RELEASE,1754,5:07:42,252
13446382,v1.5.17.RELEASE,1502,21 days,8:44:17,-252
13070099,v2.1.0.M4,1754,11 days,19:45:45,103
12875887,v2.1.0.M3,1651,19:45:37,0
12856990,v2.0.5.RELEASE,1651,18:04:27,0
12841517,v1.5.16.RELEASE,1651,21 days,5:08:58,4
12498661,v2.1.0.M2,1647,21 days,17:19:11,145
12180115,v2.1.0.M1,1502,2:00:18,661
12180094,v2.0.4.RELEASE,841,0:18:47,-705
12180067,v1.5.15.RELEASE,1546,46 days,2:08:48,0
